Pass              InstrBefore InstrAfter  ΔInstr     FuncsBefore FuncsAfter  ΔFuncs     BBBefore    BBAfter     ΔBB        SizeBefore  SizeAfter   ΔSize      
------------------------------------------------------------------------------------------------------------------------------------------------------------------
mem2reg           272096      177799      -94297      2547        2547        0           38467       38467       0           16629779    12131778    -4498001    
instcombine       177799      163625      -14174      2547        2547        0           38467       38467       0           12131778    11425267    -706511     
loop-unroll       163625      167328      3703        2547        2547        0           38467       39020       553         11425267    11658355    233088      
inline            167328      167328      0           2547        2547        0           39020       39020       0           11658355    11658355    0           
simplifycfg       167328      153347      -13981      2547        2547        0           39020       27631       -11389      11658355    10633113    -1025242    
gvn               153347      139506      -13841      2547        2547        0           27631       27931       300         10633113    9770789     -862324     
adce              139506      139281      -225        2547        2547        0           27931       27931       0           9770789     9756646     -14143      
constmerge        139281      139281      0           2547        2547        0           27931       27931       0           9756646     9755025     -1621       
